4.855576
5.127641
4.855377
4.401383
4.940830
5.116126
-nan
4.542987
4.719274
4.857198
8.111471
10.000000
4.831897
4.651109
7.997131
5.138334
4.671251
4.841118
5.139471
5.041280
3.623605
6.683112
5.111196
5.000280
5.114275
5.058516
2.941176
5.082128
4.844500
5.508760
5.177359
7.841681
5.042328
6.120515
7.547170
4.842656
8.069273
4.994634
4.812635
7.288865
4.948856
4.860953
4.844614
4.600455
4.940439
4.791589
4.746780
4.681721
4.705180
4.680786
4.499050
4.671515
4.822358
5.427835
4.739838
4.770949
4.757350
5.004127
4.587002
5.392573
4.831905
4.933548
4.763167
4.745997
4.540420
4.567927
5.030945
4.833930
4.897633
4.924387
5.052356
4.993921
4.511918
5.480271
4.667313
5.009897
5.177368
4.990656
5.182846
5.210726
5.147806
5.024628
5.033495
5.138974
4.874053
6.090439
3.200917
7.291049
100.000000
5.659899
5.352518
5.886295
5.618624
4.620406
4.705164
4.634500
5.384413
5.359454
5.322841
5.689829
4.102074
5.646311
6.382236
7.408180
4.715029
5.945641
5.061032
5.254125
0.000000
5.244629
4.795781
5.254176
4.512967
4.656680
4.628746
5.815267
6.646780
7.638227
2.777778
5.673797
5.236452
5.397866
6.660377
4.860493
5.129760
4.860294
4.943066
5.118494
4.544737
4.721190
4.859210
4.834133
4.652938
5.140347
4.675830
4.845860
5.141707
5.046387
5.113314
5.004859
5.062799
5.084140
4.849242
5.513337
5.179874
5.047435
6.123390
4.847574
4.999213
4.814552
4.951092
4.863071
4.849532
4.602284
4.942451
4.793707
4.751522
4.686300
4.707096
4.682904
4.500800
4.676094
4.826641
5.432118
4.744416
4.772779
4.762093
5.008706
4.588831
5.396723
4.836188
4.938467
4.767910
4.750739
4.542170
4.569604
5.036052
4.838672
4.902059
4.926623
5.054592
4.998500
4.513668
5.482021
4.671739
5.014814
5.182110
4.995235
5.187588
5.215643
5.152384
5.029370
5.038807
5.143363
4.878337
5.949058
3.214332
6.995945
5.872706
5.366295
5.964481
5.479362
4.622323
4.709590
4.636416
5.386242
5.361131
5.324591
5.691947
5.648227
6.384752
4.719455
5.063400
5.258408
5.248912
4.797698
5.258459
4.514796
4.658430
5.817503
6.210302
5.675713
5.240736
5.399696
6.250415
5.371215
6.109213
6.109014
5.207055
5.387403
4.770325
4.959266
5.102050
5.103856
4.883630
7.887300
5.369799
5.770869
6.107364
5.395241
6.238412
5.355591
6.228547
6.094823
5.316268
6.130590
6.798652
5.460991
6.344182
6.379088
6.096293
6.333748
5.048384
6.061720
5.214659
5.117860
4.835178
5.181327
5.051965
6.023595
5.848901
4.945813
5.904303
4.946702
4.728219
5.966215
5.824680
5.980928
6.490444
5.972625
4.998260
6.255875
5.881712
4.822310
6.545262
5.994462
6.187186
5.982602
5.965431
4.767865
4.785174
6.110745
6.138225
5.914500
5.191477
5.312711
4.740551
5.668556
5.868804
6.248975
6.232393
6.309454
6.114119
6.124986
6.487574
6.016585
6.417220
6.141835
6.239421
6.276970
6.260776
6.106834
5.804923
6.416324
4.900464
6.481912
7.146949
6.385203
5.922767
6.151849
6.078702
6.069418
6.375973
6.103995
5.967215
6.338765
5.937016
6.316140
6.366868
5.984507
6.144962
6.148584
6.237671
6.268670
6.229407
7.253705
4.846899
5.830108
4.860352
5.567842
5.529207
5.501193
5.905293
5.844165
6.594994
5.917367
5.313378
6.333233
6.385112
5.032296
6.333284
4.734284
4.862788
4.496798
6.014635
6.377937
7.539266
2.564103
5.870401
6.315560
5.670440
5.580710
6.633987
6.158665
8.333334
5.176672
5.662583
5.197298
5.197083
5.513758
5.711145
5.013132
5.224146
5.379544
5.410559
5.136995
9.045529
5.647294
4.984968
5.188912
5.701945
5.150817
5.646959
5.723469
5.823209
5.593763
5.174065
5.840652
5.803778
6.767579
5.138448
5.705847
5.313265
7.799064
5.521362
5.409229
5.088542
5.458821
5.343333
5.140168
4.985252
5.210693
5.044758
5.238070
4.971025
5.078373
5.490342
6.070015
5.118142
5.251625
5.729832
5.075675
5.008019
6.024344
5.487321
5.096021
5.077530
5.010673
5.018270
5.234021
5.562649
5.436588
5.498181
5.619414
5.666359
5.220386
4.983357
5.911364
5.006629
4.971252
5.157658
5.663093
5.537291
5.539315
5.114141
5.536801
5.635833
5.757243
5.151865
5.724094
5.251514
5.097359
5.815928
5.408369
4.619965
7.513021
6.309310
6.037037
6.075211
5.181285
6.235267
6.167954
6.273529
6.068919
6.250000
6.020534
6.260665
6.137005
5.964860
6.218553
6.303264
6.322687
5.962232
6.373577
4.789510
5.613504
7.029305
6.096010
5.129773
5.010099
5.143226
5.838416
5.778135
5.760493
6.196661
6.109046
6.937780
6.442025
5.659113
5.576199
5.631656
5.297176
5.576253
5.004858
5.122089
6.342173
6.689098
6.135283
6.043755
4.942000
5.851285
7.123668
5.772431
5.815264
